0.000000 -1.000000 0.000000 50.000000 1.000000 0.000000 0.000000 0.000000 0.000000 0.000000 1.000000 0.000000
-0.012566 -0.999921 0.000000 49.996052 0.999921 -0.012566 0.000000 0.628302 0.000000 0.000000 1.000000 0.000000
-0.025130 -0.999684 0.000000 49.984209 0.999684 -0.025130 0.000000 1.256505 0.000000 0.000000 1.000000 0.000000
-0.037690 -0.999289 0.000000 49.964474 0.999289 -0.037690 0.000000 1.884509 0.000000 0.000000 1.000000 0.000000
-0.050244 -0.998737 0.000000 49.936848 0.998737 -0.050244 0.000000 2.512216 0.000000 0.000000 1.000000 0.000000
-0.062791 -0.998027 0.000000 49.901336 0.998027 -0.062791 0.000000 3.139526 0.000000 0.000000 1.000000 0.000000
-0.075327 -0.997159 0.000000 49.857945 0.997159 -0.075327 0.000000 3.766340 0.000000 0.000000 1.000000 0.000000
-0.087851 -0.996134 0.000000 49.806680 0.996134 -0.087851 0.000000 4.392560 0.000000 0.000000 1.000000 0.000000
-0.100362 -0.994951 0.000000 49.747551 0.994951 -0.100362 0.000000 5.018086 0.000000 0.000000 1.000000 0.000000
-0.112856 -0.993611 0.000000 49.680566 0.993611 -0.112856 0.000000 5.642819 0.000000 0.000000 1.000000 0.000000
-0.125333 -0.992115 0.000000 49.605735 0.992115 -0.125333 0.000000 6.266662 0.000000 0.000000 1.000000 0.000000
-0.137790 -0.990461 0.000000 49.523071 0.990461 -0.137790 0.000000 6.889515 0.000000 0.000000 1.000000 0.000000
-0.150226 -0.988652 0.000000 49.432587 0.988652 -0.150226 0.000000 7.511279 0.000000 0.000000 1.000000 0.000000
-0.162637 -0.986686 0.000000 49.334297 0.986686 -0.162637 0.000000 8.131858 0.000000 0.000000 1.000000 0.000000
-0.175023 -0.984564 0.000000 49.228217 0.984564 -0.175023 0.000000 8.751153 0.000000 0.000000 1.000000 0.000000
-0.187381 -0.982287 0.000000 49.114363 0.982287 -0.187381 0.000000 9.369066 0.000000 0.000000 1.000000 0.000000
-0.199710 -0.979855 0.000000 48.992753 0.979855 -0.199710 0.000000 9.985499 0.000000 0.000000 1.000000 0.000000
-0.212007 -0.977268 0.000000 48.863406 0.977268 -0.212007 0.000000 10.600355 0.000000 0.000000 1.000000 0.000000
-0.224271 -0.974527 0.000000 48.726344 0.974527 -0.224271 0.000000 11.213538 0.000000 0.000000 1.000000 0.000000
-0.236499 -0.971632 0.000000 48.581587 0.971632 -0.236499 0.000000 11.824950 0.000000 0.000000 1.000000 0.000000
-0.248690 -0.968583 0.000000 48.429158 0.968583 -0.248690 0.000000 12.434494 0.000000 0.000000 1.000000 0.000000
-0.260842 -0.965382 0.000000 48.269082 0.965382 -0.260842 0.000000 13.042075 0.000000 0.000000 1.000000 0.000000
-0.272952 -0.962028 0.000000 48.101384 0.962028 -0.272952 0.000000 13.647597 0.000000 0.000000 1.000000 0.000000
-0.285019 -0.958522 0.000000 47.926089 0.958522 -0.285019 0.000000 14.250963 0.000000 0.000000 1.000000 0.000000
-0.297042 -0.954865 0.000000 47.743227 0.954865 -0.297042 0.000000 14.852079 0.000000 0.000000 1.000000 0.000000
-0.309017 -0.951057 0.000000 47.552826 0.951057 -0.309017 0.000000 15.450850 0.000000 0.000000 1.000000 0.000000
-0.320944 -0.947098 0.000000 47.354915 0.947098 -0.320944 0.000000 16.047180 0.000000 0.000000 1.000000 0.000000
-0.332820 -0.942991 0.000000 47.149527 0.942991 -0.332820 0.000000 16.640977 0.000000 0.000000 1.000000 0.000000
-0.344643 -0.938734 0.000000 46.936693 0.938734 -0.344643 0.000000 17.232146 0.000000 0.000000 1.000000 0.000000
-0.356412 -0.934329 0.000000 46.716447 0.934329 -0.356412 0.000000 17.820594 0.000000 0.000000 1.000000 0.000000
-0.368125 -0.929776 0.000000 46.488824 0.929776 -0.368125 0.000000 18.406228 0.000000 0.000000 1.000000 0.000000
-0.379779 -0.925077 0.000000 46.253860 0.925077 -0.379779 0.000000 18.988955 0.000000 0.000000 1.000000 0.000000
-0.391374 -0.920232 0.000000 46.011592 0.920232 -0.391374 0.000000 19.568683 0.000000 0.000000 1.000000 0.000000
-0.402906 -0.915241 0.000000 45.762059 0.915241 -0.402906 0.000000 20.145322 0.000000 0.000000 1.000000 0.000000
-0.414376 -0.910106 0.000000 45.505299 0.910106 -0.414376 0.000000 20.718779 0.000000 0.000000 1.000000 0.000000
-0.425779 -0.904827 0.000000 45.241353 0.904827 -0.425779 0.000000 21.288965 0.000000 0.000000 1.000000 0.000000
-0.437116 -0.899405 0.000000 44.970263 0.899405 -0.437116 0.000000 21.855788 0.000000 0.000000 1.000000 0.000000
-0.448383 -0.893841 0.000000 44.692071 0.893841 -0.448383 0.000000 22.419161 0.000000 0.000000 1.000000 0.000000
-0.459580 -0.888136 0.000000 44.406822 0.888136 -0.459580 0.000000 22.978993 0.000000 0.000000 1.000000 0.000000
-0.470704 -0.882291 0.000000 44.114561 0.882291 -0.470704 0.000000 23.535197 0.000000 0.000000 1.000000 0.000000
-0.481754 -0.876307 0.000000 43.815334 0.876307 -0.481754 0.000000 24.087684 0.000000 0.000000 1.000000 0.000000
-0.492727 -0.870184 0.000000 43.509188 0.870184 -0.492727 0.000000 24.636367 0.000000 0.000000 1.000000 0.000000
-0.503623 -0.863923 0.000000 43.196171 0.863923 -0.503623 0.000000 25.181160 0.000000 0.000000 1.000000 0.000000
-0.514440 -0.857527 0.000000 42.876333 0.857527 -0.514440 0.000000 25.721977 0.000000 0.000000 1.000000 0.000000
-0.525175 -0.850994 0.000000 42.549724 0.850994 -0.525175 0.000000 26.258731 0.000000 0.000000 1.000000 0.000000
-0.535827 -0.844328 0.000000 42.216396 0.844328 -0.535827 0.000000 26.791340 0.000000 0.000000 1.000000 0.000000
-0.546394 -0.837528 0.000000 41.876402 0.837528 -0.546394 0.000000 27.319717 0.000000 0.000000 1.000000 0.000000
-0.556876 -0.830596 0.000000 41.529795 0.830596 -0.556876 0.000000 27.843781 0.000000 0.000000 1.000000 0.000000
-0.567269 -0.823533 0.000000 41.176630 0.823533 -0.567269 0.000000 28.363447 0.000000 0.000000 1.000000 0.000000
-0.577573 -0.816339 0.000000 40.816963 0.816339 -0.577573 0.000000 28.878635 0.000000 0.000000 1.000000 0.000000
-0.587785 -0.809017 0.000000 40.450850 0.809017 -0.587785 0.000000 29.389263 0.000000 0.000000 1.000000 0.000000
-0.597905 -0.801567 0.000000 40.078349 0.801567 -0.597905 0.000000 29.895249 0.000000 0.000000 1.000000 0.000000
-0.607930 -0.793990 0.000000 39.699520 0.793990 -0.607930 0.000000 30.396515 0.000000 0.000000 1.000000 0.000000
-0.617860 -0.786288 0.000000 39.314422 0.786288 -0.617860 0.000000 30.892981 0.000000 0.000000 1.000000 0.000000
-0.627691 -0.778462 0.000000 38.923115 0.778462 -0.627691 0.000000 31.384568 0.000000 0.000000 1.000000 0.000000
-0.637424 -0.770513 0.000000 38.525662 0.770513 -0.637424 0.000000 31.871199 0.000000 0.000000 1.000000 0.000000
-0.647056 -0.762443 0.000000 38.122126 0.762443 -0.647056 0.000000 32.352798 0.000000 0.000000 1.000000 0.000000
-0.656586 -0.754251 0.000000 37.712569 0.754251 -0.656586 0.000000 32.829288 0.000000 0.000000 1.000000 0.000000
-0.666012 -0.745941 0.000000 37.297057 0.745941 -0.666012 0.000000 33.300593 0.000000 0.000000 1.000000 0.000000
-0.675333 -0.737513 0.000000 36.875656 0.737513 -0.675333 0.000000 33.766640 0.000000 0.000000 1.000000 0.000000
-0.684547 -0.728969 0.000000 36.448431 0.728969 -0.684547 0.000000 34.227355 0.000000 0.000000 1.000000 0.000000
-0.693653 -0.720309 0.000000 36.015451 0.720309 -0.693653 0.000000 34.682665 0.000000 0.000000 1.000000 0.000000
-0.702650 -0.711536 0.000000 35.576784 0.711536 -0.702650 0.000000 35.132498 0.000000 0.000000 1.000000 0.000000
-0.711536 -0.702650 0.000000 35.132498 0.702650 -0.711536 0.000000 35.576784 0.000000 0.000000 1.000000 0.000000
-0.720309 -0.693653 0.000000 34.682665 0.693653 -0.720309 0.000000 36.015451 0.000000 0.000000 1.000000 0.000000
-0.728969 -0.684547 0.000000 34.227355 0.684547 -0.728969 0.000000 36.448431 0.000000 0.000000 1.000000 0.000000
-0.737513 -0.675333 0.000000 33.766640 0.675333 -0.737513 0.000000 36.875656 0.000000 0.000000 1.000000 0.000000
-0.745941 -0.666012 0.000000 33.300593 0.666012 -0.745941 0.000000 37.297057 0.000000 0.000000 1.000000 0.000000
-0.754251 -0.656586 0.000000 32.829288 0.656586 -0.754251 0.000000 37.712569 0.000000 0.000000 1.000000 0.000000
-0.762443 -0.647056 0.000000 32.352798 0.647056 -0.762443 0.000000 38.122126 0.000000 0.000000 1.000000 0.000000
-0.770513 -0.637424 0.000000 31.871199 0.637424 -0.770513 0.000000 38.525662 0.000000 0.000000 1.000000 0.000000
-0.778462 -0.627691 0.000000 31.384568 0.627691 -0.778462 0.000000 38.923115 0.000000 0.000000 1.000000 0.000000
-0.786288 -0.617860 0.000000 30.892981 0.617860 -0.786288 0.000000 39.314422 0.000000 0.000000 1.000000 0.000000
-0.793990 -0.607930 0.000000 30.396515 0.607930 -0.793990 0.000000 39.699520 0.000000 0.000000 1.000000 0.000000
-0.801567 -0.597905 0.000000 29.895249 0.597905 -0.801567 0.000000 40.078349 0.000000 0.000000 1.000000 0.000000
-0.809017 -0.587785 0.000000 29.389263 0.587785 -0.809017 0.000000 40.450850 0.000000 0.000000 1.000000 0.000000
-0.816339 -0.577573 0.000000 28.878635 0.577573 -0.816339 0.000000 40.816963 0.000000 0.000000 1.000000 0.000000
-0.823533 -0.567269 0.000000 28.363447 0.567269 -0.823533 0.000000 41.176630 0.000000 0.000000 1.000000 0.000000
-0.830596 -0.556876 0.000000 27.843781 0.556876 -0.830596 0.000000 41.529795 0.000000 0.000000 1.000000 0.000000
-0.837528 -0.546394 0.000000 27.319717 0.546394 -0.837528 0.000000 41.876402 0.000000 0.000000 1.000000 0.000000
-0.844328 -0.535827 0.000000 26.791340 0.535827 -0.844328 0.000000 42.216396 0.000000 0.000000 1.000000 0.000000
-0.850994 -0.525175 0.000000 26.258731 0.525175 -0.850994 0.000000 42.549724 0.000000 0.000000 1.000000 0.000000
-0.857527 -0.514440 0.000000 25.721977 0.514440 -0.857527 0.000000 42.876333 0.000000 0.000000 1.000000 0.000000
-0.863923 -0.503623 0.000000 25.181160 0.503623 -0.863923 0.000000 43.196171 0.000000 0.000000 1.000000 0.000000
-0.870184 -0.492727 0.000000 24.636367 0.492727 -0.870184 0.000000 43.509188 0.000000 0.000000 1.000000 0.000000
-0.876307 -0.481754 0.000000 24.087684 0.481754 -0.876307 0.000000 43.815334 0.000000 0.000000 1.000000 0.000000
-0.882291 -0.470704 0.000000 23.535197 0.470704 -0.882291 0.000000 44.114561 0.000000 0.000000 1.000000 0.000000
-0.888136 -0.459580 0.000000 22.978993 0.459580 -0.888136 0.000000 44.406822 0.000000 0.000000 1.000000 0.000000
-0.893841 -0.448383 0.000000 22.419161 0.448383 -0.893841 0.000000 44.692071 0.000000 0.000000 1.000000 0.000000
-0.899405 -0.437116 0.000000 21.855788 0.437116 -0.899405 0.000000 44.970263 0.000000 0.000000 1.000000 0.000000
-0.904827 -0.425779 0.000000 21.288965 0.425779 -0.904827 0.000000 45.241353 0.000000 0.000000 1.000000 0.000000
-0.910106 -0.414376 0.000000 20.718779 0.414376 -0.910106 0.000000 45.505299 0.000000 0.000000 1.000000 0.000000
-0.915241 -0.402906 0.000000 20.145322 0.402906 -0.915241 0.000000 45.762059 0.000000 0.000000 1.000000 0.000000
-0.920232 -0.391374 0.000000 19.568683 0.391374 -0.920232 0.000000 46.011592 0.000000 0.000000 1.000000 0.000000
-0.925077 -0.379779 0.000000 18.988955 0.379779 -0.925077 0.000000 46.253860 0.000000 0.000000 1.000000 0.000000
-0.929776 -0.368125 0.000000 18.406228 0.368125 -0.929776 0.000000 46.488824 0.000000 0.000000 1.000000 0.000000
-0.934329 -0.356412 0.000000 17.820594 0.356412 -0.934329 0.000000 46.716447 0.000000 0.000000 1.000000 0.000000
-0.938734 -0.344643 0.000000 17.232146 0.344643 -0.938734 0.000000 46.936693 0.000000 0.000000 1.000000 0.000000
-0.942991 -0.332820 0.000000 16.640977 0.332820 -0.942991 0.000000 47.149527 0.000000 0.000000 1.000000 0.000000
-0.947098 -0.320944 0.000000 16.047180 0.320944 -0.947098 0.000000 47.354915 0.000000 0.000000 1.000000 0.000000
-0.951057 -0.309017 0.000000 15.450850 0.309017 -0.951057 0.000000 47.552826 0.000000 0.000000 1.000000 0.000000
-0.954865 -0.297042 0.000000 14.852079 0.297042 -0.954865 0.000000 47.743227 0.000000 0.000000 1.000000 0.000000
-0.958522 -0.285019 0.000000 14.250963 0.285019 -0.958522 0.000000 47.926089 0.000000 0.000000 1.000000 0.000000
-0.962028 -0.272952 0.000000 13.647597 0.272952 -0.962028 0.000000 48.101384 0.000000 0.000000 1.000000 0.000000
-0.965382 -0.260842 0.000000 13.042075 0.260842 -0.965382 0.000000 48.269082 0.000000 0.000000 1.000000 0.000000
-0.968583 -0.248690 0.000000 12.434494 0.248690 -0.968583 0.000000 48.429158 0.000000 0.000000 1.000000 0.000000
-0.971632 -0.236499 0.000000 11.824950 0.236499 -0.971632 0.000000 48.581587 0.000000 0.000000 1.000000 0.000000
-0.974527 -0.224271 0.000000 11.213538 0.224271 -0.974527 0.000000 48.726344 0.000000 0.000000 1.000000 0.000000
-0.977268 -0.212007 0.000000 10.600355 0.212007 -0.977268 0.000000 48.863406 0.000000 0.000000 1.000000 0.000000
-0.979855 -0.199710 0.000000 9.985499 0.199710 -0.979855 0.000000 48.992753 0.000000 0.000000 1.000000 0.000000
-0.982287 -0.187381 0.000000 9.369066 0.187381 -0.982287 0.000000 49.114363 0.000000 0.000000 1.000000 0.000000
-0.984564 -0.175023 0.000000 8.751153 0.175023 -0.984564 0.000000 49.228217 0.000000 0.000000 1.000000 0.000000
-0.986686 -0.162637 0.000000 8.131858 0.162637 -0.986686 0.000000 49.334297 0.000000 0.000000 1.000000 0.000000
-0.988652 -0.150226 0.000000 7.511279 0.150226 -0.988652 0.000000 49.432587 0.000000 0.000000 1.000000 0.000000
-0.990461 -0.137790 0.000000 6.889515 0.137790 -0.990461 0.000000 49.523071 0.000000 0.000000 1.000000 0.000000
-0.992115 -0.125333 0.000000 6.266662 0.125333 -0.992115 0.000000 49.605735 0.000000 0.000000 1.000000 0.000000
-0.993611 -0.112856 0.000000 5.642819 0.112856 -0.993611 0.000000 49.680566 0.000000 0.000000 1.000000 0.000000
-0.994951 -0.100362 0.000000 5.018086 0.100362 -0.994951 0.000000 49.747551 0.000000 0.000000 1.000000 0.000000
-0.996134 -0.087851 0.000000 4.392560 0.087851 -0.996134 0.000000 49.806680 0.000000 0.000000 1.000000 0.000000
-0.997159 -0.075327 0.000000 3.766340 0.075327 -0.997159 0.000000 49.857945 0.000000 0.000000 1.000000 0.000000
-0.998027 -0.062791 0.000000 3.139526 0.062791 -0.998027 0.000000 49.901336 0.000000 0.000000 1.000000 0.000000
-0.998737 -0.050244 0.000000 2.512216 0.050244 -0.998737 0.000000 49.936848 0.000000 0.000000 1.000000 0.000000
-0.999289 -0.037690 0.000000 1.884509 0.037690 -0.999289 0.000000 49.964474 0.000000 0.000000 1.000000 0.000000
-0.999684 -0.025130 0.000000 1.256505 0.025130 -0.999684 0.000000 49.984209 0.000000 0.000000 1.000000 0.000000
-0.999921 -0.012566 0.000000 0.628302 0.012566 -0.999921 0.000000 49.996052 0.000000 0.000000 1.000000 0.000000
-1.000000 -0.000000 0.000000 0.000000 0.000000 -1.000000 0.000000 50.000000 0.000000 0.000000 1.000000 0.000000
-0.999921 0.012566 0.000000 -0.628302 -0.012566 -0.999921 0.000000 49.996052 0.000000 0.000000 1.000000 0.000000
-0.999684 0.025130 0.000000 -1.256505 -0.025130 -0.999684 0.000000 49.984209 0.000000 0.000000 1.000000 0.000000
-0.999289 0.037690 0.000000 -1.884509 -0.037690 -0.999289 0.000000 49.964474 0.000000 0.000000 1.000000 0.000000
-0.998737 0.050244 0.000000 -2.512216 -0.050244 -0.998737 0.000000 49.936848 0.000000 0.000000 1.000000 0.000000
-0.998027 0.062791 0.000000 -3.139526 -0.062791 -0.998027 0.000000 49.901336 0.000000 0.000000 1.000000 0.000000
-0.997159 0.075327 0.000000 -3.766340 -0.075327 -0.997159 0.000000 49.857945 0.000000 0.000000 1.000000 0.000000
-0.996134 0.087851 0.000000 -4.392560 -0.087851 -0.996134 0.000000 49.806680 0.000000 0.000000 1.000000 0.000000
-0.994951 0.100362 0.000000 -5.018086 -0.100362 -0.994951 0.000000 49.747551 0.000000 0.000000 1.000000 0.000000
-0.993611 0.112856 0.000000 -5.642819 -0.112856 -0.993611 0.000000 49.680566 0.000000 0.000000 1.000000 0.000000
-0.992115 0.125333 0.000000 -6.266662 -0.125333 -0.992115 0.000000 49.605735 0.000000 0.000000 1.000000 0.000000
-0.990461 0.137790 0.000000 -6.889515 -0.137790 -0.990461 0.000000 49.523071 0.000000 0.000000 1.000000 0.000000
-0.988652 0.150226 0.000000 -7.511279 -0.150226 -0.988652 0.000000 49.432587 0.000000 0.000000 1.000000 0.000000
-0.986686 0.162637 0.000000 -8.131858 -0.162637 -0.986686 0.000000 49.334297 0.000000 0.000000 1.000000 0.000000
-0.984564 0.175023 0.000000 -8.751153 -0.175023 -0.984564 0.000000 49.228217 0.000000 0.000000 1.000000 0.000000
-0.982287 0.187381 0.000000 -9.369066 -0.187381 -0.982287 0.000000 49.114363 0.000000 0.000000 1.000000 0.000000
-0.979855 0.199710 0.000000 -9.985499 -0.199710 -0.979855 0.000000 48.992753 0.000000 0.000000 1.000000 0.000000
-0.977268 0.212007 0.000000 -10.600355 -0.212007 -0.977268 0.000000 48.863406 0.000000 0.000000 1.000000 0.000000
-0.974527 0.224271 0.000000 -11.213538 -0.224271 -0.974527 0.000000 48.726344 0.000000 0.000000 1.000000 0.000000
-0.971632 0.236499 0.000000 -11.824950 -0.236499 -0.971632 0.000000 48.581587 0.000000 0.000000 1.000000 0.000000
-0.968583 0.248690 0.000000 -12.434494 -0.248690 -0.968583 0.000000 48.429158 0.000000 0.000000 1.000000 0.000000
-0.965382 0.260842 0.000000 -13.042075 -0.260842 -0.965382 0.000000 48.269082 0.000000 0.000000 1.000000 0.000000
-0.962028 0.272952 0.000000 -13.647597 -0.272952 -0.962028 0.000000 48.101384 0.000000 0.000000 1.000000 0.000000
-0.958522 0.285019 0.000000 -14.250963 -0.285019 -0.958522 0.000000 47.926089 0.000000 0.000000 1.000000 0.000000
-0.954865 0.297042 0.000000 -14.852079 -0.297042 -0.954865 0.000000 47.743227 0.000000 0.000000 1.000000 0.000000
-0.951057 0.309017 0.000000 -15.450850 -0.309017 -0.951057 0.000000 47.552826 0.000000 0.000000 1.000000 0.000000
-0.947098 0.320944 0.000000 -16.047180 -0.320944 -0.947098 0.000000 47.354915 0.000000 0.000000 1.000000 0.000000
-0.942991 0.332820 0.000000 -16.640977 -0.332820 -0.942991 0.000000 47.149527 0.000000 0.000000 1.000000 0.000000
-0.938734 0.344643 0.000000 -17.232146 -0.344643 -0.938734 0.000000 46.936693 0.000000 0.000000 1.000000 0.000000
-0.934329 0.356412 0.000000 -17.820594 -0.356412 -0.934329 0.000000 46.716447 0.000000 0.000000 1.000000 0.000000
-0.929776 0.368125 0.000000 -18.406228 -0.368125 -0.929776 0.000000 46.488824 0.000000 0.000000 1.000000 0.000000
-0.925077 0.379779 0.000000 -18.988955 -0.379779 -0.925077 0.000000 46.253860 0.000000 0.000000 1.000000 0.000000
-0.920232 0.391374 0.000000 -19.568683 -0.391374 -0.920232 0.000000 46.011592 0.000000 0.000000 1.000000 0.000000
-0.915241 0.402906 0.000000 -20.145322 -0.402906 -0.915241 0.000000 45.762059 0.000000 0.000000 1.000000 0.000000
-0.910106 0.414376 0.000000 -20.718779 -0.414376 -0.910106 0.000000 45.505299 0.000000 0.000000 1.000000 0.000000
-0.904827 0.425779 0.000000 -21.288965 -0.425779 -0.904827 0.000000 45.241353 0.000000 0.000000 1.000000 0.000000
-0.899405 0.437116 0.000000 -21.855788 -0.437116 -0.899405 0.000000 44.970263 0.000000 0.000000 1.000000 0.000000
-0.893841 0.448383 0.000000 -22.419161 -0.448383 -0.893841 0.000000 44.692071 0.000000 0.000000 1.000000 0.000000
-0.888136 0.459580 0.000000 -22.978993 -0.459580 -0.888136 0.000000 44.406822 0.000000 0.000000 1.000000 0.000000
-0.882291 0.470704 0.000000 -23.535197 -0.470704 -0.882291 0.000000 44.114561 0.000000 0.000000 1.000000 0.000000
-0.876307 0.481754 0.000000 -24.087684 -0.481754 -0.876307 0.000000 43.815334 0.000000 0.000000 1.000000 0.000000
-0.870184 0.492727 0.000000 -24.636367 -0.492727 -0.870184 0.000000 43.509188 0.000000 0.000000 1.000000 0.000000
-0.863923 0.503623 0.000000 -25.181160 -0.503623 -0.863923 0.000000 43.196171 0.000000 0.000000 1.000000 0.000000
-0.857527 0.514440 0.000000 -25.721977 -0.514440 -0.857527 0.000000 42.876333 0.000000 0.000000 1.000000 0.000000
-0.850994 0.525175 0.000000 -26.258731 -0.525175 -0.850994 0.000000 42.549724 0.000000 0.000000 1.000000 0.000000
-0.844328 0.535827 0.000000 -26.791340 -0.535827 -0.844328 0.000000 42.216396 0.000000 0.000000 1.000000 0.000000
-0.837528 0.546394 0.000000 -27.319717 -0.546394 -0.837528 0.000000 41.876402 0.000000 0.000000 1.000000 0.000000
-0.830596 0.556876 0.000000 -27.843781 -0.556876 -0.830596 0.000000 41.529795 0.000000 0.000000 1.000000 0.000000
-0.823533 0.567269 0.000000 -28.363447 -0.567269 -0.823533 0.000000 41.176630 0.000000 0.000000 1.000000 0.000000
-0.816339 0.577573 0.000000 -28.878635 -0.577573 -0.816339 0.000000 40.816963 0.000000 0.000000 1.000000 0.000000
-0.809017 0.587785 0.000000 -29.389263 -0.587785 -0.809017 0.000000 40.450850 0.000000 0.000000 1.000000 0.000000
-0.801567 0.597905 0.000000 -29.895249 -0.597905 -0.801567 0.000000 40.078349 0.000000 0.000000 1.000000 0.000000
-0.793990 0.607930 0.000000 -30.396515 -0.607930 -0.793990 0.000000 39.699520 0.000000 0.000000 1.000000 0.000000
-0.786288 0.617860 0.000000 -30.892981 -0.617860 -0.786288 0.000000 39.314422 0.000000 0.000000 1.000000 0.000000
-0.778462 0.627691 0.000000 -31.384568 -0.627691 -0.778462 0.000000 38.923115 0.000000 0.000000 1.000000 0.000000
-0.770513 0.637424 0.000000 -31.871199 -0.637424 -0.770513 0.000000 38.525662 0.000000 0.000000 1.000000 0.000000
-0.762443 0.647056 0.000000 -32.352798 -0.647056 -0.762443 0.000000 38.122126 0.000000 0.000000 1.000000 0.000000
-0.754251 0.656586 0.000000 -32.829288 -0.656586 -0.754251 0.000000 37.712569 0.000000 0.000000 1.000000 0.000000
-0.745941 0.666012 0.000000 -33.300593 -0.666012 -0.745941 0.000000 37.297057 0.000000 0.000000 1.000000 0.000000
-0.737513 0.675333 0.000000 -33.766640 -0.675333 -0.737513 0.000000 36.875656 0.000000 0.000000 1.000000 0.000000
-0.728969 0.684547 0.000000 -34.227355 -0.684547 -0.728969 0.000000 36.448431 0.000000 0.000000 1.000000 0.000000
-0.720309 0.693653 0.000000 -34.682665 -0.693653 -0.720309 0.000000 36.015451 0.000000 0.000000 1.000000 0.000000
-0.711536 0.702650 0.000000 -35.132498 -0.702650 -0.711536 0.000000 35.576784 0.000000 0.000000 1.000000 0.000000
-0.702650 0.711536 0.000000 -35.576784 -0.711536 -0.702650 0.000000 35.132498 0.000000 0.000000 1.000000 0.000000
-0.693653 0.720309 0.000000 -36.015451 -0.720309 -0.693653 0.000000 34.682665 0.000000 0.000000 1.000000 0.000000
-0.684547 0.728969 0.000000 -36.448431 -0.728969 -0.684547 0.000000 34.227355 0.000000 0.000000 1.000000 0.000000
-0.675333 0.737513 0.000000 -36.875656 -0.737513 -0.675333 0.000000 33.766640 0.000000 0.000000 1.000000 0.000000
-0.666012 0.745941 0.000000 -37.297057 -0.745941 -0.666012 0.000000 33.300593 0.000000 0.000000 1.000000 0.000000
-0.656586 0.754251 0.000000 -37.712569 -0.754251 -0.656586 0.000000 32.829288 0.000000 0.000000 1.000000 0.000000
-0.647056 0.762443 0.000000 -38.122126 -0.762443 -0.647056 0.000000 32.352798 0.000000 0.000000 1.000000 0.000000
-0.637424 0.770513 0.000000 -38.525662 -0.770513 -0.637424 0.000000 31.871199 0.000000 0.000000 1.000000 0.000000
-0.627691 0.778462 0.000000 -38.923115 -0.778462 -0.627691 0.000000 31.384568 0.000000 0.000000 1.000000 0.000000
-0.617860 0.786288 0.000000 -39.314422 -0.786288 -0.617860 0.000000 30.892981 0.000000 0.000000 1.000000 0.000000
-0.607930 0.793990 0.000000 -39.699520 -0.793990 -0.607930 0.000000 30.396515 0.000000 0.000000 1.000000 0.000000
-0.597905 0.801567 0.000000 -40.078349 -0.801567 -0.597905 0.000000 29.895249 0.000000 0.000000 1.000000 0.000000
-0.587785 0.809017 0.000000 -40.450850 -0.809017 -0.587785 0.000000 29.389263 0.000000 0.000000 1.000000 0.000000
-0.577573 0.816339 0.000000 -40.816963 -0.816339 -0.577573 0.000000 28.878635 0.000000 0.000000 1.000000 0.000000
-0.567269 0.823533 0.000000 -41.176630 -0.823533 -0.567269 0.000000 28.363447 0.000000 0.000000 1.000000 0.000000
-0.556876 0.830596 0.000000 -41.529795 -0.830596 -0.556876 0.000000 27.843781 0.000000 0.000000 1.000000 0.000000
-0.546394 0.837528 0.000000 -41.876402 -0.837528 -0.546394 0.000000 27.319717 0.000000 0.000000 1.000000 0.000000
-0.535827 0.844328 0.000000 -42.216396 -0.844328 -0.535827 0.000000 26.791340 0.000000 0.000000 1.000000 0.000000
-0.525175 0.850994 0.000000 -42.549724 -0.850994 -0.525175 0.000000 26.258731 0.000000 0.000000 1.000000 0.000000
-0.514440 0.857527 0.000000 -42.876333 -0.857527 -0.514440 0.000000 25.721977 0.000000 0.000000 1.000000 0.000000
-0.503623 0.863923 0.000000 -43.196171 -0.863923 -0.503623 0.000000 25.181160 0.000000 0.000000 1.000000 0.000000
-0.492727 0.870184 0.000000 -43.509188 -0.870184 -0.492727 0.000000 24.636367 0.000000 0.000000 1.000000 0.000000
-0.481754 0.876307 0.000000 -43.815334 -0.876307 -0.481754 0.000000 24.087684 0.000000 0.000000 1.000000 0.000000
-0.470704 0.882291 0.000000 -44.114561 -0.882291 -0.470704 0.000000 23.535197 0.000000 0.000000 1.000000 0.000000
-0.459580 0.888136 0.000000 -44.406822 -0.888136 -0.459580 0.000000 22.978993 0.000000 0.000000 1.000000 0.000000
-0.448383 0.893841 0.000000 -44.692071 -0.893841 -0.448383 0.000000 22.419161 0.000000 0.000000 1.000000 0.000000
-0.437116 0.899405 0.000000 -44.970263 -0.899405 -0.437116 0.000000 21.855788 0.000000 0.000000 1.000000 0.000000
-0.425779 0.904827 0.000000 -45.241353 -0.904827 -0.425779 0.000000 21.288965 0.000000 0.000000 1.000000 0.000000
-0.414376 0.910106 0.000000 -45.505299 -0.910106 -0.414376 0.000000 20.718779 0.000000 0.000000 1.000000 0.000000
-0.402906 0.915241 0.000000 -45.762059 -0.915241 -0.402906 0.000000 20.145322 0.000000 0.000000 1.000000 0.000000
-0.391374 0.920232 0.000000 -46.011592 -0.920232 -0.391374 0.000000 19.568683 0.000000 0.000000 1.000000 0.000000
-0.379779 0.925077 0.000000 -46.253860 -0.925077 -0.379779 0.000000 18.988955 0.000000 0.000000 1.000000 0.000000
-0.368125 0.929776 0.000000 -46.488824 -0.929776 -0.368125 0.000000 18.406228 0.000000 0.000000 1.000000 0.000000
-0.356412 0.934329 0.000000 -46.716447 -0.934329 -0.356412 0.000000 17.820594 0.000000 0.000000 1.000000 0.000000
-0.344643 0.938734 0.000000 -46.936693 -0.938734 -0.344643 0.000000 17.232146 0.000000 0.000000 1.000000 0.000000
-0.332820 0.942991 0.000000 -47.149527 -0.942991 -0.332820 0.000000 16.640977 0.000000 0.000000 1.000000 0.000000
-0.320944 0.947098 0.000000 -47.354915 -0.947098 -0.320944 0.000000 16.047180 0.000000 0.000000 1.000000 0.000000
-0.309017 0.951057 0.000000 -47.552826 -0.951057 -0.309017 0.000000 15.450850 0.000000 0.000000 1.000000 0.000000
-0.297042 0.954865 0.000000 -47.743227 -0.954865 -0.297042 0.000000 14.852079 0.000000 0.000000 1.000000 0.000000
-0.285019 0.958522 0.000000 -47.926089 -0.958522 -0.285019 0.000000 14.250963 0.000000 0.000000 1.000000 0.000000
-0.272952 0.962028 0.000000 -48.101384 -0.962028 -0.272952 0.000000 13.647597 0.000000 0.000000 1.000000 0.000000
-0.260842 0.965382 0.000000 -48.269082 -0.965382 -0.260842 0.000000 13.042075 0.000000 0.000000 1.000000 0.000000
-0.248690 0.968583 0.000000 -48.429158 -0.968583 -0.248690 0.000000 12.434494 0.000000 0.000000 1.000000 0.000000
-0.236499 0.971632 0.000000 -48.581587 -0.971632 -0.236499 0.000000 11.824950 0.000000 0.000000 1.000000 0.000000
-0.224271 0.974527 0.000000 -48.726344 -0.974527 -0.224271 0.000000 11.213538 0.000000 0.000000 1.000000 0.000000
-0.212007 0.977268 0.000000 -48.863406 -0.977268 -0.212007 0.000000 10.600355 0.000000 0.000000 1.000000 0.000000
-0.199710 0.979855 0.000000 -48.992753 -0.979855 -0.199710 0.000000 9.985499 0.000000 0.000000 1.000000 0.000000
-0.187381 0.982287 0.000000 -49.114363 -0.982287 -0.187381 0.000000 9.369066 0.000000 0.000000 1.000000 0.000000
-0.175023 0.984564 0.000000 -49.228217 -0.984564 -0.175023 0.000000 8.751153 0.000000 0.000000 1.000000 0.000000
-0.162637 0.986686 0.000000 -49.334297 -0.986686 -0.162637 0.000000 8.131858 0.000000 0.000000 1.000000 0.000000
-0.150226 0.988652 0.000000 -49.432587 -0.988652 -0.150226 0.000000 7.511279 0.000000 0.000000 1.000000 0.000000
-0.137790 0.990461 0.000000 -49.523071 -0.990461 -0.137790 0.000000 6.889515 0.000000 0.000000 1.000000 0.000000
-0.125333 0.992115 0.000000 -49.605735 -0.992115 -0.125333 0.000000 6.266662 0.000000 0.000000 1.000000 0.000000
-0.112856 0.993611 0.000000 -49.680566 -0.993611 -0.112856 0.000000 5.642819 0.000000 0.000000 1.000000 0.000000
-0.100362 0.994951 0.000000 -49.747551 -0.994951 -0.100362 0.000000 5.018086 0.000000 0.000000 1.000000 0.000000
-0.087851 0.996134 0.000000 -49.806680 -0.996134 -0.087851 0.000000 4.392560 0.000000 0.000000 1.000000 0.000000
-0.075327 0.997159 0.000000 -49.857945 -0.997159 -0.075327 0.000000 3.766340 0.000000 0.000000 1.000000 0.000000
-0.062791 0.998027 0.000000 -49.901336 -0.998027 -0.062791 0.000000 3.139526 0.000000 0.000000 1.000000 0.000000
-0.050244 0.998737 0.000000 -49.936848 -0.998737 -0.050244 0.000000 2.512216 0.000000 0.000000 1.000000 0.000000
-0.037690 0.999289 0.000000 -49.964474 -0.999289 -0.037690 0.000000 1.884509 0.000000 0.000000 1.000000 0.000000
-0.025130 0.999684 0.000000 -49.984209 -0.999684 -0.025130 0.000000 1.256505 0.000000 0.000000 1.000000 0.000000
-0.012566 0.999921 0.000000 -49.996052 -0.999921 -0.012566 0.000000 0.628302 0.000000 0.000000 1.000000 0.000000
-0.000000 1.000000 0.000000 -50.000000 -1.000000 -0.000000 0.000000 0.000000 0.000000 0.000000 1.000000 0.000000
0.012566 0.999921 0.000000 -49.996052 -0.999921 0.012566 0.000000 -0.628302 0.000000 0.000000 1.000000 0.000000
0.025130 0.999684 0.000000 -49.984209 -0.999684 0.025130 0.000000 -1.256505 0.000000 0.000000 1.000000 0.000000
0.037690 0.999289 0.000000 -49.964474 -0.999289 0.037690 0.000000 -1.884509 0.000000 0.000000 1.000000 0.000000
0.050244 0.998737 0.000000 -49.936848 -0.998737 0.050244 0.000000 -2.512216 0.000000 0.000000 1.000000 0.000000
0.062791 0.998027 0.000000 -49.901336 -0.998027 0.062791 0.000000 -3.139526 0.000000 0.000000 1.000000 0.000000
0.075327 0.997159 0.000000 -49.857945 -0.997159 0.075327 0.000000 -3.766340 0.000000 0.000000 1.000000 0.000000
0.087851 0.996134 0.000000 -49.806680 -0.996134 0.087851 0.000000 -4.392560 0.000000 0.000000 1.000000 0.000000
0.100362 0.994951 0.000000 -49.747551 -0.994951 0.100362 0.000000 -5.018086 0.000000 0.000000 1.000000 0.000000
0.112856 0.993611 0.000000 -49.680566 -0.993611 0.112856 0.000000 -5.642819 0.000000 0.000000 1.000000 0.000000
0.125333 0.992115 0.000000 -49.605735 -0.992115 0.125333 0.000000 -6.266662 0.000000 0.000000 1.000000 0.000000
0.137790 0.990461 0.000000 -49.523071 -0.990461 0.137790 0.000000 -6.889515 0.000000 0.000000 1.000000 0.000000
0.150226 0.988652 0.000000 -49.432587 -0.988652 0.150226 0.000000 -7.511279 0.000000 0.000000 1.000000 0.000000
0.162637 0.986686 0.000000 -49.334297 -0.986686 0.162637 0.000000 -8.131858 0.000000 0.000000 1.000000 0.000000
0.175023 0.984564 0.000000 -49.228217 -0.984564 0.175023 0.000000 -8.751153 0.000000 0.000000 1.000000 0.000000
0.187381 0.982287 0.000000 -49.114363 -0.982287 0.187381 0.000000 -9.369066 0.000000 0.000000 1.000000 0.000000
0.199710 0.979855 0.000000 -48.992753 -0.979855 0.199710 0.000000 -9.985499 0.000000 0.000000 1.000000 0.000000
0.212007 0.977268 0.000000 -48.863406 -0.977268 0.212007 0.000000 -10.600355 0.000000 0.000000 1.000000 0.000000
0.224271 0.974527 0.000000 -48.726344 -0.974527 0.224271 0.000000 -11.213538 0.000000 0.000000 1.000000 0.000000
0.236499 0.971632 0.000000 -48.581587 -0.971632 0.236499 0.000000 -11.824950 0.000000 0.000000 1.000000 0.000000
0.248690 0.968583 0.000000 -48.429158 -0.968583 0.248690 0.000000 -12.434494 0.000000 0.000000 1.000000 0.000000
0.260842 0.965382 0.000000 -48.269082 -0.965382 0.260842 0.000000 -13.042075 0.000000 0.000000 1.000000 0.000000
0.272952 0.962028 0.000000 -48.101384 -0.962028 0.272952 0.000000 -13.647597 0.000000 0.000000 1.000000 0.000000
0.285019 0.958522 0.000000 -47.926089 -0.958522 0.285019 0.000000 -14.250963 0.000000 0.000000 1.000000 0.000000
0.297042 0.954865 0.000000 -47.743227 -0.954865 0.297042 0.000000 -14.852079 0.000000 0.000000 1.000000 0.000000
0.309017 0.951057 0.000000 -47.552826 -0.951057 0.309017 0.000000 -15.450850 0.000000 0.000000 1.000000 0.000000
0.320944 0.947098 0.000000 -47.354915 -0.947098 0.320944 0.000000 -16.047180 0.000000 0.000000 1.000000 0.000000
0.332820 0.942991 0.000000 -47.149527 -0.942991 0.332820 0.000000 -16.640977 0.000000 0.000000 1.000000 0.000000
0.344643 0.938734 0.000000 -46.936693 -0.938734 0.344643 0.000000 -17.232146 0.000000 0.000000 1.000000 0.000000
0.356412 0.934329 0.000000 -46.716447 -0.934329 0.356412 0.000000 -17.820594 0.000000 0.000000 1.000000 0.000000
0.368125 0.929776 0.000000 -46.488824 -0.929776 0.368125 0.000000 -18.406228 0.000000 0.000000 1.000000 0.000000
0.379779 0.925077 0.000000 -46.253860 -0.925077 0.379779 0.000000 -18.988955 0.000000 0.000000 1.000000 0.000000
0.391374 0.920232 0.000000 -46.011592 -0.920232 0.391374 0.000000 -19.568683 0.000000 0.000000 1.000000 0.000000
0.402906 0.915241 0.000000 -45.762059 -0.915241 0.402906 0.000000 -20.145322 0.000000 0.000000 1.000000 0.000000
0.414376 0.910106 0.000000 -45.505299 -0.910106 0.414376 0.000000 -20.718779 0.000000 0.000000 1.000000 0.000000
0.425779 0.904827 0.000000 -45.241353 -0.904827 0.425779 0.000000 -21.288965 0.000000 0.000000 1.000000 0.000000
0.437116 0.899405 0.000000 -44.970263 -0.899405 0.437116 0.000000 -21.855788 0.000000 0.000000 1.000000 0.000000
0.448383 0.893841 0.000000 -44.692071 -0.893841 0.448383 0.000000 -22.419161 0.000000 0.000000 1.000000 0.000000
0.459580 0.888136 0.000000 -44.406822 -0.888136 0.459580 0.000000 -22.978993 0.000000 0.000000 1.000000 0.000000
0.470704 0.882291 0.000000 -44.114561 -0.882291 0.470704 0.000000 -23.535197 0.000000 0.000000 1.000000 0.000000
0.481754 0.876307 0.000000 -43.815334 -0.876307 0.481754 0.000000 -24.087684 0.000000 0.000000 1.000000 0.000000
0.492727 0.870184 0.000000 -43.509188 -0.870184 0.492727 0.000000 -24.636367 0.000000 0.000000 1.000000 0.000000
0.503623 0.863923 0.000000 -43.196171 -0.863923 0.503623 0.000000 -25.181160 0.000000 0.000000 1.000000 0.000000
0.514440 0.857527 0.000000 -42.876333 -0.857527 0.514440 0.000000 -25.721977 0.000000 0.000000 1.000000 0.000000
0.525175 0.850994 0.000000 -42.549724 -0.850994 0.525175 0.000000 -26.258731 0.000000 0.000000 1.000000 0.000000
0.535827 0.844328 0.000000 -42.216396 -0.844328 0.535827 0.000000 -26.791340 0.000000 0.000000 1.000000 0.000000
0.546394 0.837528 0.000000 -41.876402 -0.837528 0.546394 0.000000 -27.319717 0.000000 0.000000 1.000000 0.000000
0.556876 0.830596 0.000000 -41.529795 -0.830596 0.556876 0.000000 -27.843781 0.000000 0.000000 1.000000 0.000000
0.567269 0.823533 0.000000 -41.176630 -0.823533 0.567269 0.000000 -28.363447 0.000000 0.000000 1.000000 0.000000
0.577573 0.816339 0.000000 -40.816963 -0.816339 0.577573 0.000000 -28.878635 0.000000 0.000000 1.000000 0.000000
0.587785 0.809017 0.000000 -40.450850 -0.809017 0.587785 0.000000 -29.389263 0.000000 0.000000 1.000000 0.000000
0.597905 0.801567 0.000000 -40.078349 -0.801567 0.597905 0.000000 -29.895249 0.000000 0.000000 1.000000 0.000000
0.607930 0.793990 0.000000 -39.699520 -0.793990 0.607930 0.000000 -30.396515 0.000000 0.000000 1.000000 0.000000
0.617860 0.786288 0.000000 -39.314422 -0.786288 0.617860 0.000000 -30.892981 0.000000 0.000000 1.000000 0.000000
0.627691 0.778462 0.000000 -38.923115 -0.778462 0.627691 0.000000 -31.384568 0.000000 0.000000 1.000000 0.000000
0.637424 0.770513 0.000000 -38.525662 -0.770513 0.637424 0.000000 -31.871199 0.000000 0.000000 1.000000 0.000000
0.647056 0.762443 0.000000 -38.122126 -0.762443 0.647056 0.000000 -32.352798 0.000000 0.000000 1.000000 0.000000
0.656586 0.754251 0.000000 -37.712569 -0.754251 0.656586 0.000000 -32.829288 0.000000 0.000000 1.000000 0.000000
0.666012 0.745941 0.000000 -37.297057 -0.745941 0.666012 0.000000 -33.300593 0.000000 0.000000 1.000000 0.000000
0.675333 0.737513 0.000000 -36.875656 -0.737513 0.675333 0.000000 -33.766640 0.000000 0.000000 1.000000 0.000000
0.684547 0.728969 0.000000 -36.448431 -0.728969 0.684547 0.000000 -34.227355 0.000000 0.000000 1.000000 0.000000
0.693653 0.720309 0.000000 -36.015451 -0.720309 0.693653 0.000000 -34.682665 0.000000 0.000000 1.000000 0.000000
0.702650 0.711536 0.000000 -35.576784 -0.711536 0.702650 0.000000 -35.132498 0.000000 0.000000 1.000000 0.000000
0.711536 0.702650 0.000000 -35.132498 -0.702650 0.711536 0.000000 -35.576784 0.000000 0.000000 1.000000 0.000000
0.720309 0.693653 0.000000 -34.682665 -0.693653 0.720309 0.000000 -36.015451 0.000000 0.000000 1.000000 0.000000
0.728969 0.684547 0.000000 -34.227355 -0.684547 0.728969 0.000000 -36.448431 0.000000 0.000000 1.000000 0.000000
0.737513 0.675333 0.000000 -33.766640 -0.675333 0.737513 0.000000 -36.875656 0.000000 0.000000 1.000000 0.000000
0.745941 0.666012 0.000000 -33.300593 -0.666012 0.745941 0.000000 -37.297057 0.000000 0.000000 1.000000 0.000000
0.754251 0.656586 0.000000 -32.829288 -0.656586 0.754251 0.000000 -37.712569 0.000000 0.000000 1.000000 0.000000
0.762443 0.647056 0.000000 -32.352798 -0.647056 0.762443 0.000000 -38.122126 0.000000 0.000000 1.000000 0.000000
0.770513 0.637424 0.000000 -31.871199 -0.637424 0.770513 0.000000 -38.525662 0.000000 0.000000 1.000000 0.000000
0.778462 0.627691 0.000000 -31.384568 -0.627691 0.778462 0.000000 -38.923115 0.000000 0.000000 1.000000 0.000000
0.786288 0.617860 0.000000 -30.892981 -0.617860 0.786288 0.000000 -39.314422 0.000000 0.000000 1.000000 0.000000
0.793990 0.607930 0.000000 -30.396515 -0.607930 0.793990 0.000000 -39.699520 0.000000 0.000000 1.000000 0.000000
0.801567 0.597905 0.000000 -29.895249 -0.597905 0.801567 0.000000 -40.078349 0.000000 0.000000 1.000000 0.000000
0.809017 0.587785 0.000000 -29.389263 -0.587785 0.809017 0.000000 -40.450850 0.000000 0.000000 1.000000 0.000000
0.816339 0.577573 0.000000 -28.878635 -0.577573 0.816339 0.000000 -40.816963 0.000000 0.000000 1.000000 0.000000
0.823533 0.567269 0.000000 -28.363447 -0.567269 0.823533 0.000000 -41.176630 0.000000 0.000000 1.000000 0.000000
0.830596 0.556876 0.000000 -27.843781 -0.556876 0.830596 0.000000 -41.529795 0.000000 0.000000 1.000000 0.000000
0.837528 0.546394 0.000000 -27.319717 -0.546394 0.837528 0.000000 -41.876402 0.000000 0.000000 1.000000 0.000000
0.844328 0.535827 0.000000 -26.791340 -0.535827 0.844328 0.000000 -42.216396 0.000000 0.000000 1.000000 0.000000
0.850994 0.525175 0.000000 -26.258731 -0.525175 0.850994 0.000000 -42.549724 0.000000 0.000000 1.000000 0.000000
0.857527 0.514440 0.000000 -25.721977 -0.514440 0.857527 0.000000 -42.876333 0.000000 0.000000 1.000000 0.000000
0.863923 0.503623 0.000000 -25.181160 -0.503623 0.863923 0.000000 -43.196171 0.000000 0.000000 1.000000 0.000000
0.870184 0.492727 0.000000 -24.636367 -0.492727 0.870184 0.000000 -43.509188 0.000000 0.000000 1.000000 0.000000
0.876307 0.481754 0.000000 -24.087684 -0.481754 0.876307 0.000000 -43.815334 0.000000 0.000000 1.000000 0.000000
0.882291 0.470704 0.000000 -23.535197 -0.470704 0.882291 0.000000 -44.114561 0.000000 0.000000 1.000000 0.000000
0.888136 0.459580 0.000000 -22.978993 -0.459580 0.888136 0.000000 -44.406822 0.000000 0.000000 1.000000 0.000000
0.893841 0.448383 0.000000 -22.419161 -0.448383 0.893841 0.000000 -44.692071 0.000000 0.000000 1.000000 0.000000
0.899405 0.437116 0.000000 -21.855788 -0.437116 0.899405 0.000000 -44.970263 0.000000 0.000000 1.000000 0.000000
0.904827 0.425779 0.000000 -21.288965 -0.425779 0.904827 0.000000 -45.241353 0.000000 0.000000 1.000000 0.000000
0.910106 0.414376 0.000000 -20.718779 -0.414376 0.910106 0.000000 -45.505299 0.000000 0.000000 1.000000 0.000000
0.915241 0.402906 0.000000 -20.145322 -0.402906 0.915241 0.000000 -45.762059 0.000000 0.000000 1.000000 0.000000
0.920232 0.391374 0.000000 -19.568683 -0.391374 0.920232 0.000000 -46.011592 0.000000 0.000000 1.000000 0.000000
0.925077 0.379779 0.000000 -18.988955 -0.379779 0.925077 0.000000 -46.253860 0.000000 0.000000 1.000000 0.000000
0.929776 0.368125 0.000000 -18.406228 -0.368125 0.929776 0.000000 -46.488824 0.000000 0.000000 1.000000 0.000000
0.934329 0.356412 0.000000 -17.820594 -0.356412 0.934329 0.000000 -46.716447 0.000000 0.000000 1.000000 0.000000
0.938734 0.344643 0.000000 -17.232146 -0.344643 0.938734 0.000000 -46.936693 0.000000 0.000000 1.000000 0.000000
0.942991 0.332820 0.000000 -16.640977 -0.332820 0.942991 0.000000 -47.149527 0.000000 0.000000 1.000000 0.000000
0.947098 0.320944 0.000000 -16.047180 -0.320944 0.947098 0.000000 -47.354915 0.000000 0.000000 1.000000 0.000000
0.951057 0.309017 0.000000 -15.450850 -0.309017 0.951057 0.000000 -47.552826 0.000000 0.000000 1.000000 0.000000
0.954865 0.297042 0.000000 -14.852079 -0.297042 0.954865 0.000000 -47.743227 0.000000 0.000000 1.000000 0.000000
0.958522 0.285019 0.000000 -14.250963 -0.285019 0.958522 0.000000 -47.926089 0.000000 0.000000 1.000000 0.000000
